9 0.201389 0.525422 0.069444 0.027530 
9 0.387566 0.414435 0.076720 0.024802 
26 0.206680 0.172247 0.066138 0.026042 
26 0.394511 0.057416 0.066138 0.023562 
42 0.210979 0.342014 0.060847 0.026290 
42 0.396164 0.234375 0.076720 0.027282 
14 0.206515 0.706225 0.062500 0.018105 
14 0.384094 0.592014 0.069775 0.024802 
30 0.216931 0.888269 0.069444 0.027530 
30 0.398810 0.783234 0.060847 0.023313 
35 0.565972 0.879836 0.057209 0.023562 
35 0.754795 0.784598 0.059193 0.026042 
15 0.580688 0.704985 0.066138 0.026042 
15 0.760913 0.597098 0.071429 0.030010 
31 0.587798 0.528026 0.059193 0.022321 
31 0.762731 0.413814 0.064484 0.023562 
23 0.593750 0.360987 0.067791 0.019593 
23 0.766038 0.239459 0.064484 0.030010 
39 0.574570 0.191220 0.067791 0.022321 
39 0.747685 0.065972 0.066138 0.027282 
