53 0.284226 0.748016 0.067791 0.031250 
53 0.016534 0.801587 0.032407 0.028770 
29 0.140542 0.612227 0.069444 0.036458 
29 0.407738 0.568452 0.071429 0.032738 
4 0.259755 0.456225 0.071098 0.035466 
4 0.520833 0.430060 0.060847 0.032738 
16 0.378142 0.318576 0.064484 0.036458 
16 0.619048 0.283978 0.066138 0.032738 
46 0.473876 0.172867 0.060847 0.035218 
46 0.725364 0.161334 0.059193 0.030010 
25 0.765542 0.294395 0.066138 0.032738 
51 0.910714 0.409846 0.060847 0.036458 
51 0.655589 0.428819 0.059193 0.040675 
43 0.545139 0.583457 0.067791 0.036458 
43 0.796792 0.545635 0.059193 0.036706 
45 0.449405 0.746652 0.071429 0.031498 
45 0.710648 0.693824 0.071429 0.032490 
13 0.337136 0.939856 0.073082 0.036458 
13 0.602679 0.877852 0.067791 0.030010 
