40 0.100529 0.370040 0.027778 0.037698 
40 0.212798 0.477803 0.029431 0.041915 
6 0.286872 0.370040 0.031415 0.037698 
6 0.403439 0.474578 0.027778 0.037946 
48 0.466931 0.368056 0.033069 0.039187 
48 0.579034 0.472470 0.027778 0.039187 
11 0.647983 0.365451 0.026124 0.036458 
11 0.761905 0.473214 0.027778 0.037698 
17 0.813327 0.366815 0.026124 0.039187 
17 0.937665 0.469990 0.031415 0.039187 
49 0.814980 0.567832 0.029431 0.036458 
49 0.931713 0.673611 0.026124 0.039187 
1 0.632110 0.573661 0.026124 0.035218 
1 0.756779 0.674851 0.031415 0.041667 
37 0.448578 0.574405 0.020833 0.036706 
37 0.567791 0.682664 0.033069 0.036458 
27 0.283399 0.571057 0.027778 0.040427 
27 0.395668 0.682664 0.026124 0.036458 
12 0.088294 0.576265 0.024471 0.037946 
12 0.200562 0.683408 0.026124 0.037946 
