18 0.451885 0.171751 0.048611 0.030010 
18 0.655589 0.140377 0.051918 0.027282 
50 0.565972 0.274182 0.057209 0.026042 
50 0.360615 0.313368 0.057209 0.033978 
32 0.462302 0.408606 0.055556 0.028522 
32 0.252646 0.441220 0.050265 0.028770 
52 0.359623 0.541667 0.059193 0.028770 
52 0.144015 0.578869 0.059193 0.032738 
33 0.041171 0.721850 0.055886 0.028522 
33 0.262235 0.681424 0.055556 0.028522 
34 0.355324 0.847842 0.064484 0.032490 
34 0.582507 0.815848 0.059193 0.033978 
5 0.469246 0.689856 0.052249 0.032490 
5 0.685185 0.656002 0.055556 0.032738 
3 0.578042 0.548859 0.060847 0.032738 
3 0.785218 0.514385 0.053902 0.028770 
7 0.666005 0.410590 0.044974 0.027530 
7 0.876653 0.380580 0.055556 0.027530 
28 0.755622 0.268229 0.057540 0.027530 
28 0.966270 0.242188 0.050265 0.030010 
