18 0.904597 0.628596 0.059193 0.030010 
18 0.806217 0.791667 0.057540 0.032738 
50 0.700893 0.629836 0.059193 0.032490 
50 0.783565 0.469370 0.050595 0.040427 
32 0.606978 0.471850 0.059193 0.032490 
32 0.696594 0.324405 0.053902 0.037698 
52 0.519841 0.329613 0.055556 0.032738 
52 0.607804 0.182168 0.060847 0.030010 
33 0.431052 0.192584 0.055886 0.027530 
33 0.515377 0.052827 0.053902 0.027282 
34 0.206680 0.157366 0.052249 0.027530 
34 0.106481 0.298983 0.057540 0.023562 
5 0.192626 0.454365 0.055886 0.028770 
5 0.294478 0.306052 0.057209 0.024802 
3 0.276951 0.607639 0.053902 0.027282 
3 0.377149 0.453621 0.055886 0.030258 
7 0.470238 0.601066 0.050265 0.030010 
7 0.364087 0.763641 0.060847 0.028770 
28 0.578208 0.762277 0.064484 0.026042 
28 0.465774 0.930184 0.059193 0.030010 
