21 0.542493 0.768849 0.062500 0.033730 
21 0.464947 0.933284 0.057540 0.031250 
47 0.360450 0.772817 0.060847 0.028770 
47 0.459821 0.621900 0.057209 0.030010 
38 0.285714 0.614211 0.060847 0.027530 
38 0.380622 0.461434 0.055556 0.030010 
10 0.200562 0.454985 0.053902 0.027530 
10 0.283069 0.307416 0.055556 0.030010 
53 0.121197 0.313988 0.055886 0.024802 
53 0.207341 0.167783 0.046958 0.027530 
41 0.380622 0.196429 0.062831 0.022321 
41 0.486772 0.060020 0.052249 0.031250 
19 0.597222 0.193204 0.050265 0.031250 
19 0.513724 0.338790 0.061177 0.032738 
36 0.619874 0.486855 0.064484 0.028770 
36 0.700066 0.338790 0.057540 0.027282 
44 0.724372 0.640873 0.057209 0.028770 
44 0.809524 0.490203 0.060847 0.030010 
24 0.820106 0.797619 0.060847 0.031250 
24 0.914848 0.640253 0.059193 0.032490 
