50 0.479167 0.300223 0.060847 0.046875 
50 0.496362 0.519593 0.060847 0.052083 
37 0.280589 0.323785 0.078373 0.036458 
37 0.194444 0.552827 0.076720 0.048115 
1 0.039683 0.551587 0.062831 0.063988 
1 0.343254 0.634425 0.057540 0.057540 
27 0.231151 0.180804 0.093915 0.037698 
16 0.445933 0.153398 0.081680 0.032490 
46 0.231151 0.012525 0.066138 0.024554 
4 0.876819 0.025546 0.031415 0.043155 
4 0.974206 0.206225 0.041667 0.046875 
49 0.332837 0.721850 0.067791 0.057292 
49 0.411210 0.958829 0.067791 0.063988 
32 0.800926 0.732267 0.046958 0.057292 
32 0.683532 0.519593 0.048942 0.052083 
52 0.892361 0.622024 0.059193 0.058532 
33 0.915013 0.844494 0.080026 0.031250 
33 0.654927 0.986855 0.088955 0.023313 
