13 0.641865 0.810640 0.066138 0.036458 
13 0.376488 0.860243 0.064484 0.038938 
53 0.059689 0.704985 0.067791 0.033978 
53 0.331019 0.667659 0.060847 0.035218 
29 0.201554 0.533234 0.069775 0.040675 
29 0.456349 0.499256 0.060847 0.032738 
4 0.327546 0.392361 0.064484 0.035218 
4 0.574901 0.370660 0.064484 0.033978 
16 0.433862 0.264385 0.068122 0.032738 
16 0.675761 0.236359 0.064484 0.031250 
46 0.541832 0.133805 0.053902 0.030010 
46 0.776786 0.122024 0.060847 0.032738 
25 0.814980 0.247396 0.067791 0.037946 
51 0.705357 0.374752 0.060847 0.039187 
51 0.949901 0.359623 0.069775 0.037698 
43 0.589451 0.515625 0.059193 0.036706 
43 0.841931 0.488219 0.066138 0.041915 
45 0.489583 0.670387 0.067791 0.035218 
45 0.748843 0.630456 0.067791 0.031250 
