48 0.675761 0.545015 0.036706 0.061260 
48 0.901124 0.720486 0.038360 0.067956 
17 0.535549 0.741443 0.086971 0.041915 
17 0.379960 0.959449 0.085317 0.036458 
51 0.157903 0.723090 0.048611 0.065228 
51 0.073413 0.492808 0.046958 0.063988 
25 0.313657 0.492808 0.053902 0.056052 
25 0.592097 0.614211 0.053902 0.058780 
40 0.727017 0.458829 0.069775 0.048115 
40 0.738426 0.223214 0.068122 0.052083 
43 0.445106 0.088790 0.069444 0.047123 
43 0.425926 0.316592 0.069444 0.048363 
45 0.828042 0.150794 0.069444 0.043155 
