45 0.681052 0.617436 0.067791 0.033978 
45 0.777612 0.447669 0.062500 0.031250 
13 0.811508 0.792411 0.071429 0.028770 
13 0.899471 0.606275 0.062831 0.030010 
43 0.578373 0.475074 0.074735 0.026042 
43 0.678406 0.313988 0.062500 0.027282 
51 0.483466 0.328373 0.076720 0.024802 
51 0.606978 0.179439 0.059193 0.030010 
25 0.417328 0.194568 0.062831 0.023562 
25 0.533069 0.050843 0.057540 0.031250 
46 0.258929 0.143601 0.062831 0.028770 
46 0.131779 0.289187 0.062500 0.024802 
16 0.216270 0.422991 0.068122 0.023562 
16 0.318122 0.269593 0.062831 0.024802 
4 0.405093 0.408606 0.069444 0.028522 
4 0.287533 0.563988 0.078373 0.028770 
29 0.478175 0.543031 0.055556 0.026042 
29 0.367725 0.719246 0.071429 0.031250 
53 0.587798 0.714038 0.059193 0.033730 
53 0.473876 0.904638 0.071429 0.026042 
