35 0.744544 0.669643 0.031415 0.041667 
35 0.850694 0.786582 0.024140 0.040427 
30 0.943783 0.631820 0.040344 0.026042 
30 0.909061 0.768849 0.046958 0.028770 
36 0.474702 0.800223 0.048611 0.023562 
36 0.652282 0.738219 0.055886 0.027530 
44 0.138724 0.857019 0.059193 0.027530 
44 0.323247 0.785218 0.055886 0.032738 
20 0.267692 0.699033 0.031415 0.037946 
20 0.403274 0.797619 0.031415 0.041667 
15 0.798446 0.586062 0.051918 0.018353 
15 0.929894 0.506572 0.046958 0.015625 
28 0.962798 0.441220 0.040013 0.036706 
39 0.666997 0.597222 0.046958 0.032738 
39 0.480820 0.578249 0.043651 0.031498 
31 0.631448 0.426835 0.034722 0.028770 
31 0.667989 0.555432 0.038360 0.030010 
24 0.329365 0.604415 0.033069 0.041667 
24 0.235450 0.485615 0.029762 0.031250 
2 0.260747 0.381200 0.031415 0.036706 
2 0.411210 0.455605 0.026124 0.036706 
8 0.531250 0.475198 0.036706 0.031250 
8 0.523479 0.346602 0.041667 0.027530 
23 0.642692 0.326389 0.029431 0.036706 
23 0.787202 0.400174 0.040013 0.037946 
53 0.761905 0.364831 0.052249 0.022321 
53 0.909888 0.337550 0.045304 0.024802 
22 0.920304 0.203001 0.024471 0.032490 
9 0.837632 0.169147 0.050265 0.024802 
9 0.720073 0.234995 0.048611 0.021081 
5 0.511243 0.193204 0.041667 0.028770 
5 0.516534 0.315352 0.038360 0.030010 
34 0.287698 0.265005 0.029762 0.033978 
34 0.220569 0.150174 0.024471 0.023562 
