46 0.311177 0.140253 0.080026 0.050843 
16 0.581845 0.293775 0.092262 0.044395 
16 0.677414 0.061384 0.081680 0.044395 
18 0.773975 0.406002 0.073082 0.052083 
27 0.343254 0.349206 0.088624 0.035218 
27 0.050430 0.503224 0.100198 0.035218 
37 0.423280 0.518849 0.074735 0.053571 
37 0.365079 0.788442 0.069444 0.052083 
45 0.198909 0.796999 0.057209 0.058780 
45 0.545139 0.866195 0.064484 0.058780 
32 0.912368 0.702381 0.043651 0.070437 
50 0.647817 0.462054 0.057540 0.057540 
50 0.694940 0.723834 0.057209 0.063740 
49 0.540840 0.967262 0.062500 0.065476 
