30 0.029927 0.375372 0.029431 0.037946 
30 0.145503 0.486235 0.038360 0.037946 
14 0.229167 0.369420 0.027778 0.041915 
14 0.358962 0.471230 0.026124 0.036706 
9 0.424934 0.362351 0.036376 0.035218 
9 0.545966 0.470610 0.041667 0.042907 
42 0.625165 0.362847 0.036706 0.041667 
42 0.742560 0.473214 0.031415 0.040675 
26 0.805225 0.357639 0.031085 0.047123 
26 0.928737 0.466022 0.031415 0.041667 
35 0.047288 0.592014 0.036376 0.037698 
35 0.152612 0.703621 0.028108 0.039187 
15 0.238591 0.593874 0.026124 0.036458 
15 0.357970 0.701017 0.031415 0.036458 
31 0.432705 0.595238 0.034722 0.039187 
31 0.559854 0.697793 0.035053 0.037946 
23 0.612103 0.595982 0.038360 0.035218 
23 0.747851 0.695809 0.048611 0.036458 
39 0.789683 0.581473 0.038360 0.040427 
39 0.933036 0.675595 0.040013 0.045635 
