9 0.317295 0.081597 0.095569 0.040675 
9 0.593915 0.009301 0.068122 0.018105 
22 0.720238 0.080357 0.041667 0.053571 
22 0.830688 0.281994 0.036376 0.062500 
28 0.621858 0.513021 0.053902 0.062748 
28 0.916832 0.639633 0.055886 0.065476 
21 0.976687 0.714038 0.046627 0.078373 
41 0.675761 0.921503 0.064484 0.065228 
30 0.447751 0.871280 0.095899 0.045635 
35 0.015542 0.886409 0.030423 0.080853 
15 0.207507 0.740823 0.092262 0.045635 
15 0.515708 0.622644 0.078373 0.036458 
53 0.289352 0.319816 0.078042 0.044395 
53 0.611276 0.313244 0.064484 0.041667 
23 0.113591 0.218626 0.053902 0.058780 
23 0.318122 0.390377 0.048942 0.060020 
31 0.020833 0.385665 0.041005 0.045635 
