35 0.910549 0.674851 0.057209 0.031250 
35 0.799107 0.815848 0.067791 0.026042 
15 0.712136 0.657862 0.053902 0.026042 
15 0.808697 0.511037 0.059193 0.027530 
31 0.624339 0.501860 0.055556 0.030010 
31 0.712963 0.351811 0.066138 0.030010 
23 0.539848 0.359003 0.064484 0.028522 
23 0.624339 0.204241 0.055556 0.037946 
39 0.438988 0.221230 0.067791 0.035218 
39 0.517196 0.065352 0.060847 0.036458 
26 0.216931 0.167783 0.062831 0.032490 
26 0.118552 0.314608 0.053902 0.028522 
30 0.599041 0.778646 0.057209 0.027530 
30 0.495536 0.924107 0.059193 0.028770 
14 0.397156 0.766865 0.064153 0.032738 
14 0.483135 0.617436 0.052249 0.026042 
42 0.208333 0.454985 0.066138 0.022073 
42 0.311839 0.310020 0.057540 0.022321 
9 0.302249 0.611607 0.055556 0.032738 
9 0.392857 0.466022 0.066138 0.028770 
