22 0.200562 0.778026 0.036706 0.041667 
22 0.379960 0.884301 0.043651 0.050843 
9 0.052579 0.712054 0.057540 0.027282 
9 0.264220 0.650670 0.055556 0.027530 
5 0.494709 0.702257 0.064153 0.026042 
5 0.645337 0.607763 0.062500 0.019593 
23 0.320602 0.392981 0.026124 0.036458 
23 0.214451 0.306796 0.029431 0.031250 
24 0.542493 0.396205 0.045304 0.027530 
24 0.714947 0.398189 0.052249 0.026042 
38 0.774140 0.246652 0.052249 0.023562 
38 0.723710 0.340030 0.045304 0.022321 
39 0.626157 0.172371 0.045304 0.020833 
39 0.485946 0.201017 0.040013 0.018105 
