53 0.253472 0.760293 0.048611 0.030010 
53 0.472718 0.735615 0.045304 0.032738 
10 0.600694 0.614211 0.053902 0.032490 
10 0.393684 0.631200 0.064484 0.035218 
38 0.533730 0.497272 0.044974 0.028770 
38 0.729497 0.488839 0.050265 0.035218 
47 0.664187 0.377232 0.048611 0.036706 
47 0.862599 0.380456 0.045304 0.032738 
21 0.784392 0.276042 0.055556 0.035218 
21 0.967923 0.265749 0.043651 0.030010 
24 0.701720 0.103051 0.050265 0.033978 
24 0.506779 0.095982 0.047288 0.037698 
44 0.381448 0.212054 0.061177 0.035218 
44 0.580853 0.212054 0.045304 0.043155 
36 0.247520 0.339410 0.053902 0.033978 
36 0.455357 0.334821 0.052249 0.040675 
19 0.108962 0.474578 0.059193 0.037946 
19 0.329200 0.463418 0.053902 0.038938 
41 0.209160 0.626612 0.053902 0.044395 
