25 0.289352 0.706225 0.071429 0.041915 
46 0.322421 0.871404 0.071429 0.040427 
46 0.607970 0.845982 0.078373 0.039187 
16 0.453042 0.718626 0.071429 0.042907 
16 0.714120 0.679439 0.064484 0.040427 
51 0.426753 0.557416 0.064484 0.041915 
51 0.141369 0.575025 0.067791 0.042907 
43 0.283234 0.428075 0.076389 0.039187 
43 0.548611 0.401414 0.071429 0.042907 
45 0.389385 0.285342 0.062500 0.030010 
45 0.646991 0.251860 0.069775 0.033978 
4 0.567130 0.558036 0.066138 0.035218 
4 0.826224 0.535218 0.069775 0.039187 
29 0.684358 0.421007 0.064484 0.037946 
29 0.937665 0.390253 0.073082 0.033978 
53 0.799272 0.262401 0.060847 0.036706 
13 0.505291 0.124008 0.060847 0.033730 
13 0.750661 0.092014 0.071429 0.032738 
