4 0.513889 0.122148 0.057540 0.048363 
53 0.768849 0.166419 0.035053 0.043155 
53 0.647156 0.007316 0.052249 0.014137 
18 0.435681 0.225198 0.067791 0.048115 
18 0.130952 0.218626 0.071429 0.048363 
29 0.655754 0.209573 0.069444 0.035218 
29 0.598214 0.406002 0.066138 0.039187 
52 0.495701 0.552207 0.080026 0.052331 
52 0.778439 0.587426 0.060847 0.052331 
33 0.534722 0.770213 0.085317 0.026042 
33 0.289352 0.946305 0.085317 0.026042 
32 0.256283 0.468006 0.050265 0.056052 
32 0.402447 0.667659 0.036376 0.061508 
49 0.029266 0.948413 0.045304 0.063988 
50 0.045635 0.489459 0.060847 0.054812 
50 0.019180 0.258433 0.037698 0.036706 
