37 0.287533 0.597842 0.064484 0.031498 
37 0.395503 0.435392 0.057540 0.032490 
1 0.505126 0.593998 0.064484 0.028770 
1 0.406746 0.766245 0.066138 0.031498 
49 0.614583 0.755084 0.064484 0.037946 
49 0.510251 0.926711 0.064153 0.033978 
17 0.831349 0.810640 0.066138 0.036458 
17 0.921958 0.639633 0.066138 0.028770 
11 0.731316 0.650794 0.061177 0.032738 
11 0.834821 0.491443 0.073082 0.027530 
48 0.618056 0.493428 0.057540 0.026042 
48 0.724206 0.339410 0.060847 0.031498 
6 0.526786 0.345362 0.058862 0.030010 
6 0.623512 0.191964 0.053902 0.028770 
27 0.313492 0.289187 0.060847 0.027282 
27 0.200562 0.444568 0.067791 0.030010 
12 0.096892 0.280630 0.062831 0.026042 
12 0.205688 0.129960 0.068122 0.035218 
40 0.422288 0.188616 0.066138 0.027530 
40 0.520668 0.041791 0.061177 0.028522 
