9 0.014716 0.149430 0.028770 0.017113 
22 0.092758 0.181424 0.022817 0.036458 
14 0.318948 0.155258 0.036706 0.028770 
14 0.486938 0.182044 0.038029 0.032738 
10 0.417163 0.057416 0.020833 0.026042 
10 0.506779 0.152778 0.026124 0.036706 
38 0.633102 0.218626 0.028108 0.032490 
38 0.720073 0.323785 0.020833 0.036458 
3 0.853340 0.305432 0.036706 0.023562 
3 0.848876 0.423487 0.041667 0.030010 
7 0.319775 0.322421 0.048942 0.033730 
7 0.496528 0.340154 0.040013 0.030010 
53 0.059689 0.317832 0.053902 0.017113 
28 0.085813 0.426959 0.036706 0.033978 
28 0.263393 0.464038 0.040013 0.032738 
21 0.305886 0.499380 0.027778 0.037946 
21 0.466104 0.569072 0.034722 0.044395 
47 0.539021 0.555556 0.052249 0.024802 
47 0.602513 0.432168 0.046958 0.026042 
19 0.761078 0.556796 0.043320 0.022321 
19 0.917659 0.506572 0.036376 0.015625 
42 0.685351 0.694444 0.048611 0.033730 
42 0.868882 0.697049 0.043320 0.031498 
26 0.455522 0.615451 0.034722 0.032490 
26 0.507771 0.758433 0.038029 0.039187 
41 0.164021 0.637773 0.033069 0.030010 
41 0.252811 0.763641 0.026124 0.044147 
30 0.031746 0.628596 0.043651 0.027530 
15 0.037037 0.494172 0.046958 0.019593 
