45 0.378142 0.085565 0.036706 0.043155 
45 0.402447 0.242808 0.043651 0.041667 
43 0.125000 0.293651 0.041667 0.039187 
43 0.204034 0.449777 0.043651 0.040427 
40 0.371197 0.313988 0.040013 0.043155 
40 0.466931 0.466022 0.036376 0.047123 
6 0.591270 0.276786 0.038360 0.039187 
13 0.623512 0.186756 0.064484 0.020833 
13 0.774140 0.073661 0.066138 0.024802 
46 0.907242 0.102431 0.057209 0.032738 
6 0.793981 0.364211 0.033069 0.046875 
27 0.968915 0.315972 0.062169 0.031250 
12 0.857639 0.388393 0.055886 0.045635 
12 0.892526 0.556796 0.041667 0.043155 
11 0.848049 0.668403 0.053902 0.041667 
48 0.473049 0.539807 0.045304 0.040427 
48 0.683532 0.599082 0.052249 0.044395 
17 0.457341 0.702381 0.048942 0.039187 
17 0.456515 0.884301 0.053902 0.040427 
25 0.206845 0.591890 0.059193 0.040427 
25 0.443452 0.601687 0.052249 0.039187 
51 0.047288 0.651414 0.033069 0.044395 
51 0.201554 0.786458 0.034722 0.051091 
