25 0.219990 0.253638 0.057540 0.033069 
25 0.361607 0.122189 0.048115 0.034722 
10 0.118800 0.378968 0.043155 0.054233 
10 0.080233 0.620040 0.044395 0.055556 
48 0.268229 0.584325 0.026042 0.064153 
48 0.390997 0.741898 0.026042 0.069775 
44 0.570437 0.295470 0.035218 0.043320 
44 0.565848 0.503472 0.036458 0.048611 
3 0.768849 0.645172 0.035218 0.046958 
3 0.895585 0.684358 0.035218 0.048611 
15 0.464038 0.781085 0.028770 0.060847 
15 0.528646 0.972388 0.030010 0.053902 
12 0.818452 0.963790 0.035218 0.053902 
