2 0.076224 0.231771 0.045304 0.058780 
2 0.266700 0.432168 0.043320 0.065228 
5 0.673115 0.020213 0.073082 0.030010 
5 0.573909 0.227803 0.083664 0.037946 
34 0.225860 0.044395 0.062831 0.055060 
8 0.560847 0.288442 0.085317 0.041667 
8 0.466931 0.513641 0.102513 0.048115 
31 0.680225 0.475818 0.080026 0.045883 
31 0.635747 0.727059 0.081680 0.052331 
23 0.794147 0.304812 0.043320 0.066468 
23 0.981978 0.503844 0.036045 0.065228 
53 0.969742 0.429439 0.060516 0.046875 
39 0.279762 0.683408 0.062831 0.061260 
39 0.600198 0.798239 0.066138 0.066716 
15 0.842758 0.844618 0.081680 0.046875 
35 0.671462 0.969866 0.055886 0.052331 
