40 0.613095 0.752604 0.064153 0.030010 
40 0.513889 0.915055 0.064153 0.031498 
12 0.828869 0.808036 0.064484 0.028770 
12 0.921131 0.650050 0.057209 0.031250 
27 0.717593 0.642237 0.060847 0.028522 
27 0.814153 0.490823 0.062831 0.031250 
6 0.509425 0.585441 0.059193 0.030010 
6 0.409392 0.750000 0.060847 0.032738 
48 0.316303 0.592634 0.069775 0.031498 
48 0.417328 0.445809 0.055556 0.032490 
11 0.321594 0.295635 0.062500 0.027282 
11 0.217097 0.443204 0.062500 0.027282 
17 0.138889 0.304067 0.066138 0.028770 
17 0.234458 0.153274 0.052249 0.024802 
49 0.434854 0.209573 0.066138 0.022321 
49 0.529597 0.067212 0.057209 0.022321 
1 0.615575 0.202257 0.059193 0.026042 
1 0.536541 0.349826 0.064484 0.028522 
37 0.727183 0.349826 0.055556 0.028522 
37 0.635747 0.501240 0.057209 0.026290 
