28 0.141369 0.632440 0.067791 0.035218 
7 0.044808 0.490823 0.059193 0.036706 
7 0.285714 0.492808 0.050265 0.035218 
3 0.194279 0.365451 0.059193 0.033978 
3 0.422288 0.362847 0.052249 0.039187 
5 0.334491 0.239583 0.061177 0.037698 
5 0.561508 0.242808 0.055556 0.041667 
34 0.485119 0.109003 0.052249 0.032490 
34 0.705192 0.116815 0.050595 0.035218 
33 0.755622 0.289187 0.043651 0.035218 
33 0.964451 0.285838 0.050595 0.033978 
52 0.628638 0.407242 0.057540 0.036706 
52 0.843585 0.403398 0.048942 0.033978 
32 0.497189 0.526786 0.051918 0.032738 
32 0.710483 0.525422 0.053902 0.035466 
50 0.347388 0.653274 0.059193 0.035218 
50 0.572090 0.640997 0.062831 0.033978 
18 0.202216 0.790427 0.053902 0.035218 
18 0.436343 0.788442 0.055886 0.033730 
