13 0.039683 0.023562 0.069444 0.028770 
46 0.723545 0.054812 0.055556 0.049603 
16 0.902116 0.223958 0.071429 0.024802 
27 0.700066 0.221230 0.082011 0.037698 
27 0.426091 0.285838 0.097553 0.041915 
6 0.160714 0.297743 0.033069 0.054812 
12 0.240741 0.347966 0.074735 0.045635 
12 0.188492 0.578373 0.071429 0.049603 
11 0.055390 0.712798 0.059193 0.060020 
11 0.365906 0.793775 0.053902 0.054812 
1 0.466931 0.553571 0.046958 0.060020 
1 0.727017 0.672867 0.048611 0.063988 
37 0.611276 0.572421 0.078373 0.045635 
37 0.728009 0.364831 0.075066 0.037698 
49 0.698247 0.758433 0.053902 0.057540 
50 0.890708 0.580233 0.059193 0.045883 
50 0.914187 0.362227 0.061177 0.045883 
