46 0.205853 0.184772 0.071098 0.024802 
46 0.439153 0.066592 0.074735 0.021081 
16 0.421627 0.234251 0.074735 0.019593 
16 0.208499 0.367436 0.076389 0.022073 
4 0.196263 0.542411 0.083664 0.027282 
4 0.425099 0.417783 0.075066 0.026042 
29 0.412202 0.593254 0.073082 0.022321 
29 0.192791 0.737475 0.080026 0.026042 
53 0.413029 0.808656 0.071429 0.030010 
53 0.190146 0.953621 0.074735 0.022321 
13 0.592262 0.964038 0.074735 0.022321 
13 0.802910 0.810020 0.085317 0.027282 
45 0.570437 0.746032 0.080026 0.027282 
45 0.784557 0.600446 0.076389 0.023313 
43 0.554729 0.560020 0.073082 0.028770 
43 0.777612 0.422247 0.069775 0.027530 
51 0.556382 0.364211 0.073082 0.028522 
51 0.794147 0.242188 0.078373 0.027530 
25 0.570437 0.188740 0.076720 0.024802 
25 0.804563 0.062624 0.078042 0.023562 
