5 0.013889 0.151414 0.027116 0.041915 
5 0.022652 0.445809 0.044643 0.050843 
9 0.470403 0.242808 0.120040 0.036706 
9 0.754134 0.073785 0.092262 0.027530 
22 0.941138 0.140997 0.041667 0.075645 
53 0.576389 0.553447 0.099206 0.036458 
53 0.919478 0.454985 0.081680 0.037946 
23 0.309358 0.465402 0.062500 0.069196 
23 0.634094 0.634425 0.064484 0.070437 
8 0.031250 0.528026 0.061839 0.066468 
8 0.040509 0.847222 0.078373 0.080853 
31 0.271991 0.711434 0.057209 0.070685 
15 0.958333 0.857639 0.083333 0.033730 
