12 0.369378 0.900670 0.060847 0.033978 
12 0.590443 0.843254 0.064484 0.026290 
27 0.452050 0.724578 0.062831 0.033978 
27 0.672288 0.672247 0.064153 0.031498 
37 0.536541 0.580233 0.064484 0.030010 
37 0.747189 0.522197 0.064484 0.026042 
1 0.608796 0.419767 0.066138 0.030010 
1 0.813327 0.359003 0.064484 0.023562 
49 0.678406 0.265749 0.062500 0.030010 
49 0.888062 0.214038 0.061177 0.028770 
17 0.373843 0.176215 0.055886 0.028522 
17 0.586144 0.120784 0.059193 0.024802 
11 0.298942 0.315972 0.066138 0.031250 
11 0.513062 0.267609 0.059193 0.033730 
48 0.221561 0.471230 0.057540 0.028770 
48 0.435516 0.422247 0.060847 0.027530 
6 0.137897 0.629836 0.057540 0.030010 
6 0.358962 0.573041 0.057209 0.026042 
40 0.053571 0.795635 0.066138 0.032738 
40 0.275463 0.742808 0.064153 0.031250 
