24 0.247520 0.159226 0.064484 0.020833 
24 0.132606 0.287822 0.060847 0.032490 
44 0.311839 0.296379 0.068122 0.028770 
44 0.206680 0.432788 0.066138 0.027282 
36 0.283896 0.594618 0.064484 0.027530 
36 0.397983 0.447793 0.062500 0.026042 
19 0.483300 0.605655 0.062500 0.031250 
19 0.373677 0.768229 0.069444 0.032490 
41 0.609458 0.777282 0.071429 0.024802 
41 0.478009 0.934648 0.073082 0.026042 
21 0.498016 0.195188 0.060847 0.022321 
21 0.585152 0.067832 0.050595 0.033978 
47 0.661541 0.204241 0.053902 0.030010 
47 0.560681 0.332217 0.050595 0.027530 
38 0.729497 0.347222 0.050265 0.033730 
38 0.628638 0.488839 0.060847 0.024802 
10 0.813823 0.506448 0.052249 0.039187 
10 0.717262 0.657366 0.060847 0.030010 
53 0.893188 0.659226 0.050265 0.028770 
53 0.807044 0.821677 0.055886 0.035218 
