30 0.029101 0.670263 0.041667 0.030010 
30 0.222222 0.672867 0.048942 0.032738 
14 0.150959 0.543775 0.045304 0.030010 
14 0.344907 0.531870 0.050265 0.030010 
9 0.266534 0.420883 0.046958 0.035218 
9 0.466766 0.409226 0.053902 0.032738 
42 0.395337 0.292411 0.050595 0.031250 
42 0.599041 0.291171 0.043320 0.031250 
26 0.510251 0.173611 0.050265 0.028770 
26 0.719081 0.163814 0.050595 0.032490 
39 0.757440 0.327629 0.043320 0.026290 
39 0.969742 0.302827 0.053902 0.031250 
23 0.652116 0.451637 0.055556 0.031250 
23 0.856647 0.432044 0.053902 0.031250 
31 0.532077 0.569816 0.052249 0.032490 
31 0.736607 0.556052 0.050595 0.036706 
15 0.399636 0.686012 0.045304 0.032738 
15 0.602513 0.685392 0.046958 0.036458 
35 0.267526 0.807292 0.041667 0.035218 
35 0.470238 0.817212 0.054233 0.031250 
