25 0.356316 0.206225 0.069775 0.026042 
25 0.473876 0.056176 0.068122 0.026042 
51 0.553902 0.187376 0.071429 0.032490 
51 0.438161 0.342014 0.066138 0.026290 
43 0.633102 0.327629 0.062500 0.031250 
43 0.535549 0.492808 0.073082 0.027282 
45 0.736772 0.458953 0.060847 0.030010 
45 0.653108 0.635045 0.068122 0.027530 
13 0.868221 0.616815 0.059193 0.027282 
13 0.786210 0.804067 0.059193 0.031250 
53 0.562500 0.738219 0.060847 0.032490 
53 0.457341 0.928075 0.069444 0.031250 
29 0.339947 0.748016 0.060847 0.031250 
29 0.444279 0.565848 0.057209 0.030010 
16 0.247685 0.590650 0.071429 0.030010 
16 0.365079 0.424975 0.062831 0.030010 
16 0.163029 0.447049 0.066138 0.027530 
16 0.265873 0.284598 0.062831 0.026042 
46 0.069279 0.305432 0.059193 0.023562 
46 0.190972 0.155382 0.055886 0.026042 
