33 0.022817 0.392237 0.033069 0.037946 
33 0.148313 0.498016 0.026124 0.040675 
52 0.206515 0.387649 0.020833 0.041667 
52 0.330192 0.490079 0.031415 0.045635 
32 0.389220 0.386409 0.027778 0.039187 
32 0.516369 0.492063 0.031415 0.041667 
50 0.567626 0.391617 0.026124 0.039187 
50 0.703373 0.493428 0.029762 0.036458 
18 0.767030 0.381200 0.034722 0.036706 
18 0.900959 0.487599 0.031415 0.037698 
34 0.021164 0.620660 0.036376 0.040427 
34 0.142196 0.736855 0.024471 0.037698 
5 0.224868 0.619420 0.029762 0.045883 
5 0.348380 0.734871 0.029431 0.047123 
3 0.412698 0.619420 0.033069 0.040427 
3 0.540675 0.732267 0.035053 0.041915 
7 0.602513 0.616815 0.033069 0.043155 
7 0.732143 0.731647 0.041667 0.040675 
28 0.801753 0.608879 0.028108 0.043155 
28 0.930556 0.723834 0.035053 0.048363 
