28 0.432044 0.180804 0.064484 0.027282 
28 0.543320 0.041171 0.064153 0.027282 
7 0.520668 0.326265 0.057209 0.026042 
7 0.631283 0.186012 0.055556 0.027282 
3 0.711144 0.327009 0.059193 0.030010 
3 0.605985 0.477059 0.061177 0.030010 
5 0.795635 0.481027 0.057540 0.027530 
5 0.687665 0.637029 0.064484 0.028522 
34 0.891369 0.651414 0.053902 0.033978 
34 0.780093 0.814484 0.060847 0.028770 
33 0.535549 0.758433 0.059193 0.033730 
33 0.427579 0.929439 0.062831 0.031498 
52 0.343089 0.763021 0.067791 0.032490 
52 0.452877 0.601811 0.064484 0.031498 
32 0.263062 0.599826 0.067791 0.030010 
32 0.374504 0.448289 0.067791 0.030010 
50 0.197090 0.443080 0.060847 0.030010 
50 0.301422 0.292411 0.061177 0.033730 
18 0.107308 0.285838 0.062500 0.026042 
18 0.223876 0.142981 0.055556 0.032490 
