53 0.735780 0.145585 0.035053 0.032738 
53 0.832341 0.274802 0.029762 0.035218 
4 0.527778 0.118180 0.033069 0.032490 
4 0.631448 0.247396 0.034722 0.037946 
16 0.266700 0.114831 0.050595 0.028770 
16 0.207507 0.262401 0.053902 0.031250 
46 0.034392 0.171751 0.055556 0.030010 
27 0.050099 0.305432 0.062500 0.015625 
18 0.342593 0.330233 0.052249 0.033978 
18 0.563492 0.331473 0.052249 0.033978 
29 0.735780 0.311384 0.055556 0.030010 
29 0.693122 0.466642 0.060847 0.030010 
50 0.287698 0.531250 0.043651 0.039187 
50 0.252811 0.369420 0.036706 0.031498 
37 0.105820 0.404638 0.055556 0.036458 
37 0.063988 0.580233 0.051918 0.037946 
1 0.185681 0.631696 0.045304 0.039187 
49 0.185020 0.697049 0.040013 0.046875 
49 0.276290 0.870040 0.041997 0.051091 
33 0.461640 0.873264 0.068122 0.020833 
33 0.646164 0.749256 0.064153 0.020833 
32 0.432209 0.515625 0.033069 0.041667 
32 0.546958 0.669023 0.033069 0.050843 
52 0.607970 0.576265 0.053902 0.048363 
52 0.837632 0.608879 0.057540 0.045635 
