30 0.958333 0.827629 0.083333 0.041667 
35 0.708003 0.575025 0.055556 0.069196 
35 0.843750 0.840650 0.059193 0.070685 
36 0.105655 0.719246 0.097553 0.052083 
36 0.478175 0.668403 0.101190 0.049603 
39 0.250992 0.309400 0.074735 0.065228 
39 0.606978 0.406622 0.069775 0.063740 
15 0.877646 0.437376 0.091931 0.036458 
31 0.631283 0.332837 0.076720 0.052083 
31 0.647817 0.056796 0.071429 0.053571 
23 0.983631 0.058656 0.032738 0.065228 
8 0.418155 0.123388 0.088955 0.053323 
2 0.190146 0.048859 0.046958 0.074405 
