49 0.159392 0.676835 0.066138 0.035218 
17 0.215112 0.861607 0.073082 0.041667 
17 0.471065 0.823661 0.059193 0.039187 
11 0.346561 0.699653 0.060847 0.036706 
11 0.597388 0.675595 0.067791 0.043155 
48 0.476190 0.537822 0.066138 0.044395 
48 0.712136 0.518849 0.067791 0.035218 
6 0.592923 0.394221 0.058862 0.033978 
6 0.821759 0.368180 0.064153 0.036458 
40 0.715608 0.244172 0.060847 0.036458 
40 0.932374 0.228547 0.055886 0.033978 
12 0.429398 0.100446 0.062500 0.031250 
12 0.654762 0.086186 0.057540 0.031498 
27 0.297784 0.244792 0.053902 0.037698 
27 0.536376 0.232391 0.057540 0.036706 
37 0.171792 0.380456 0.062500 0.035218 
37 0.417163 0.359003 0.059193 0.033978 
1 0.284888 0.509797 0.062500 0.030010 
1 0.035218 0.544395 0.064484 0.031250 
