53 0.437996 0.217262 0.048611 0.024802 
53 0.641700 0.167783 0.048611 0.027530 
10 0.345734 0.347842 0.055886 0.032490 
10 0.544974 0.303447 0.057540 0.027530 
38 0.245701 0.491443 0.060847 0.027530 
38 0.450231 0.450273 0.055886 0.026042 
47 0.334491 0.590030 0.050595 0.033730 
47 0.129960 0.624008 0.055556 0.031250 
21 0.033234 0.770089 0.053902 0.028770 
21 0.239583 0.724454 0.055886 0.028770 
24 0.371032 0.895461 0.057540 0.033978 
24 0.581680 0.860243 0.057540 0.028522 
44 0.472057 0.751860 0.053902 0.031498 
44 0.673776 0.710689 0.064484 0.030010 
36 0.565146 0.599826 0.052249 0.027530 
36 0.764385 0.558780 0.057209 0.031250 
19 0.652116 0.449033 0.055556 0.031498 
19 0.854828 0.407242 0.057540 0.028770 
41 0.719081 0.282614 0.057209 0.035466 
41 0.924438 0.260417 0.053902 0.032738 
