11 0.046462 0.086186 0.059193 0.028522 
11 0.240575 0.084945 0.053902 0.023562 
29 0.552249 0.114335 0.046958 0.024802 
29 0.716766 0.087426 0.045304 0.023562 
13 0.160549 0.351811 0.057209 0.030010 
17 0.244048 0.501984 0.046958 0.035218 
17 0.455522 0.526042 0.048611 0.036706 
18 0.644511 0.529390 0.057540 0.022073 
18 0.821098 0.457589 0.066138 0.022321 
32 0.105820 0.633061 0.055556 0.023562 
50 0.463294 0.762401 0.060847 0.020833 
50 0.278108 0.880456 0.062831 0.022321 
52 0.956680 0.829613 0.066138 0.024802 
52 0.824405 0.971230 0.066138 0.020833 
