13 0.150132 0.297619 0.043651 0.018353 
13 0.281581 0.220610 0.045304 0.021081 
46 0.378968 0.247272 0.041667 0.024802 
46 0.540840 0.247272 0.041997 0.024802 
16 0.670470 0.329613 0.040013 0.022321 
16 0.725364 0.221230 0.045304 0.024802 
4 0.921131 0.244172 0.026124 0.033978 
4 0.986442 0.351190 0.024471 0.028770 
18 0.759259 0.392981 0.036376 0.026042 
18 0.928902 0.411210 0.038360 0.028770 
6 0.120536 0.366815 0.029431 0.031250 
6 0.257110 0.440476 0.031415 0.035218 
27 0.401620 0.413814 0.048611 0.018105 
27 0.545139 0.351190 0.050595 0.020833 
50 0.690476 0.413814 0.038360 0.031498 
37 0.578373 0.432168 0.043651 0.023562 
37 0.539848 0.555432 0.040013 0.027530 
1 0.456349 0.558656 0.033069 0.036458 
1 0.619213 0.602431 0.038029 0.035218 
32 0.812335 0.540427 0.034722 0.033730 
32 0.882110 0.666419 0.031415 0.037698 
52 0.936839 0.599826 0.033069 0.032490 
33 0.949074 0.731027 0.060847 0.023562 
33 0.802745 0.803571 0.050595 0.024802 
49 0.662698 0.788442 0.027778 0.041667 
49 0.613922 0.652654 0.031415 0.031498 
11 0.254464 0.672247 0.040013 0.031498 
11 0.433697 0.696429 0.040013 0.037698 
12 0.308532 0.591270 0.036376 0.028770 
12 0.306713 0.458953 0.036706 0.030010 
48 0.143188 0.614211 0.033069 0.032490 
