51 0.342427 0.026042 0.048611 0.020833 
51 0.230159 0.090030 0.046958 0.020833 
43 0.615741 0.095982 0.035053 0.016865 
43 0.507771 0.122148 0.038029 0.019593 
25 0.394676 0.109003 0.034722 0.030010 
25 0.387731 0.218626 0.034722 0.022073 
17 0.306713 0.218750 0.040013 0.024802 
17 0.151124 0.204861 0.038360 0.028770 
48 0.437169 0.236235 0.033069 0.015625 
48 0.397321 0.332837 0.040013 0.020833 
40 0.493882 0.236979 0.038029 0.017113 
40 0.602679 0.204985 0.043320 0.018105 
45 0.658399 0.223214 0.029762 0.023313 
45 0.761078 0.223214 0.029431 0.020833 
6 0.631283 0.306796 0.038360 0.010417 
6 0.569610 0.392237 0.040013 0.011657 
13 0.693122 0.323661 0.019180 0.028770 
13 0.780258 0.392237 0.026124 0.027530 
12 0.553902 0.422867 0.036376 0.028770 
12 0.431217 0.430804 0.031085 0.018353 
11 0.338128 0.403398 0.040013 0.023562 
11 0.326720 0.513641 0.041667 0.024802 
1 0.433697 0.618056 0.040013 0.022321 
1 0.473049 0.517485 0.031415 0.019593 
37 0.480820 0.565228 0.029762 0.028770 
37 0.600860 0.576389 0.029762 0.024802 
27 0.605324 0.472470 0.020833 0.028770 
27 0.672288 0.551463 0.015873 0.027530 
46 0.755787 0.450273 0.022817 0.023562 
46 0.765377 0.537078 0.024140 0.019593 
16 0.699239 0.620040 0.024140 0.023313 
16 0.801918 0.641617 0.024471 0.027282 
18 0.645172 0.679439 0.027778 0.019593 
18 0.642692 0.776786 0.029431 0.020833 
50 0.502646 0.661086 0.038360 0.019593 
50 0.621693 0.639633 0.033069 0.020833 
4 0.790675 0.756448 0.033069 0.016865 
4 0.700066 0.805432 0.033069 0.013145 
53 0.765377 0.845238 0.034722 0.011905 
53 0.672288 0.896205 0.029762 0.019593 
49 0.243221 0.663194 0.038029 0.020833 
49 0.384259 0.620040 0.035053 0.020833 
32 0.391204 0.785838 0.044974 0.015625 
32 0.508763 0.727679 0.040013 0.016865 
33 0.332011 0.835441 0.021164 0.031498 
33 0.236276 0.755208 0.024140 0.027282 
52 0.458995 0.810640 0.038360 0.021081 
52 0.428571 0.914435 0.036376 0.024802 
29 0.539021 0.841270 0.024471 0.024802 
29 0.651290 0.855035 0.026124 0.023562 
