28 0.252811 0.578249 0.064484 0.065228 
21 0.330192 0.645461 0.059193 0.061260 
21 0.632110 0.776662 0.053902 0.065228 
22 0.107474 0.244172 0.041667 0.054812 
7 0.345073 0.316592 0.064484 0.048363 
7 0.657407 0.345362 0.069444 0.048363 
14 0.618386 0.073785 0.060847 0.050843 
14 0.332011 0.024182 0.062831 0.042907 
10 0.651455 0.026786 0.033069 0.048115 
38 0.870536 0.137029 0.040013 0.054812 
47 0.849868 0.513021 0.071429 0.041915 
47 0.750661 0.738219 0.088624 0.042907 
41 0.059689 0.917039 0.050595 0.071677 
26 0.610450 0.862847 0.055556 0.065476 
