13 0.207507 0.203621 0.067791 0.018353 
13 0.391204 0.072421 0.066138 0.022321 
53 0.541832 0.207589 0.064484 0.018353 
53 0.739253 0.083581 0.062500 0.018353 
45 0.412864 0.263021 0.064484 0.022073 
45 0.227513 0.388269 0.069444 0.019593 
29 0.548776 0.392237 0.067791 0.017113 
29 0.739253 0.270213 0.069775 0.021081 
43 0.430390 0.424231 0.067791 0.023562 
43 0.235450 0.544395 0.064153 0.020833 
4 0.540013 0.543031 0.068122 0.023562 
4 0.732474 0.434648 0.066138 0.023562 
51 0.426918 0.593874 0.060847 0.023562 
51 0.221561 0.700273 0.060847 0.022073 
16 0.538194 0.703621 0.067791 0.020833 
16 0.721892 0.588170 0.069444 0.019593 
25 0.413856 0.747272 0.062500 0.022321 
25 0.213624 0.857639 0.066138 0.020833 
46 0.531250 0.851190 0.064484 0.020833 
46 0.733135 0.745412 0.060847 0.026042 
