39 0.659061 0.702257 0.044974 0.033978 
39 0.637401 0.844494 0.050595 0.031250 
23 0.506779 0.740079 0.050595 0.031250 
23 0.533730 0.601190 0.044974 0.032738 
31 0.394511 0.630456 0.041667 0.031250 
31 0.423115 0.489583 0.040013 0.031250 
15 0.269180 0.511657 0.048942 0.028770 
15 0.306548 0.375372 0.046958 0.030010 
35 0.142030 0.392237 0.045304 0.027530 
35 0.190807 0.257192 0.041667 0.028770 
26 0.873181 0.712178 0.048611 0.030010 
26 0.916667 0.569816 0.048942 0.030010 
42 0.743552 0.603051 0.050595 0.026042 
42 0.793155 0.460813 0.048611 0.031250 
9 0.625165 0.485615 0.043320 0.031250 
9 0.668651 0.338790 0.043651 0.035218 
14 0.507606 0.369420 0.048942 0.028522 
14 0.539848 0.225074 0.043320 0.030010 
30 0.368386 0.251240 0.052249 0.032738 
30 0.406581 0.109623 0.045304 0.028770 
