13 0.265873 0.541667 0.058862 0.018353 
13 0.435516 0.456969 0.057540 0.023562 
11 0.170966 0.249876 0.060847 0.019593 
11 0.332837 0.199033 0.053902 0.017113 
29 0.620040 0.142981 0.046958 0.017113 
29 0.744378 0.077753 0.052249 0.019593 
17 0.609623 0.566468 0.057209 0.028770 
17 0.805390 0.527406 0.062500 0.031498 
18 0.965443 0.476438 0.048611 0.020833 
32 0.573082 0.728423 0.046958 0.039187 
32 0.581680 0.909846 0.046958 0.041915 
50 0.890708 0.896701 0.062500 0.033978 
50 0.970734 0.730283 0.055886 0.037946 
