10 0.870536 0.067212 0.026124 0.027282 
10 0.962136 0.161954 0.020833 0.031250 
14 0.784557 0.162450 0.031415 0.024802 
14 0.939484 0.189360 0.038360 0.026042 
7 0.802745 0.322421 0.036706 0.028770 
7 0.965608 0.340154 0.038360 0.030010 
21 0.800099 0.492808 0.031415 0.032738 
21 0.955192 0.562004 0.034722 0.035218 
26 0.945602 0.605035 0.029431 0.037946 
41 0.672288 0.616815 0.029762 0.032738 
41 0.770503 0.736855 0.027778 0.037698 
28 0.593089 0.420387 0.034722 0.031250 
28 0.754960 0.456969 0.041667 0.033978 
53 0.393022 0.345238 0.048611 0.024802 
53 0.553902 0.316468 0.043651 0.024802 
23 0.282407 0.306052 0.029762 0.032738 
23 0.416501 0.379216 0.029431 0.035218 
31 0.259921 0.404018 0.033069 0.030258 
31 0.280589 0.532490 0.036706 0.039187 
8 0.157242 0.323661 0.040013 0.028770 
8 0.155423 0.449033 0.043651 0.028522 
5 0.165840 0.176835 0.040013 0.027282 
5 0.151951 0.295759 0.040013 0.030010 
9 0.364253 0.218006 0.043320 0.012897 
9 0.495701 0.150670 0.038360 0.019593 
22 0.580026 0.182788 0.022487 0.026290 
22 0.669643 0.283978 0.027778 0.032738 
15 0.412037 0.560020 0.048942 0.020833 
15 0.549603 0.483011 0.048942 0.021081 
30 0.555721 0.606399 0.043320 0.022321 
30 0.503472 0.740203 0.043320 0.026042 
35 0.342427 0.642857 0.028108 0.035218 
35 0.444114 0.758433 0.033069 0.041667 
39 0.091931 0.551463 0.041667 0.030010 
39 0.278108 0.568452 0.041667 0.027282 
36 0.068287 0.762897 0.053902 0.024802 
36 0.245040 0.707465 0.052249 0.023562 
2 0.036045 0.435392 0.024471 0.032490 
