28 0.533896 0.275422 0.059193 0.021081 
28 0.693948 0.184028 0.059193 0.020833 
7 0.703373 0.333581 0.057540 0.016865 
7 0.543320 0.426835 0.060847 0.023313 
3 0.544147 0.580233 0.059193 0.027530 
3 0.712963 0.477803 0.055556 0.026042 
5 0.712136 0.635045 0.064484 0.027530 
5 0.547619 0.744792 0.062831 0.024802 
34 0.719081 0.809400 0.061177 0.023562 
34 0.546792 0.926091 0.061177 0.024802 
33 0.356316 0.812004 0.059193 0.020833 
33 0.182209 0.933408 0.066138 0.023562 
52 0.184689 0.763641 0.067791 0.026290 
52 0.356151 0.650794 0.069444 0.024802 
32 0.192460 0.599826 0.066138 0.022073 
32 0.360450 0.495412 0.060847 0.022073 
50 0.213624 0.447793 0.066138 0.026042 
50 0.369378 0.340774 0.060847 0.020833 
18 0.202216 0.286582 0.057209 0.019593 
18 0.367560 0.193824 0.061177 0.019593 
