13 0.256283 0.156746 0.064153 0.020833 
13 0.093419 0.275422 0.059193 0.021081 
46 0.390212 0.183408 0.057540 0.035466 
46 0.603505 0.172867 0.052249 0.035218 
16 0.792493 0.268849 0.053902 0.028770 
16 0.845403 0.122148 0.055886 0.030010 
18 0.925595 0.342758 0.055556 0.035218 
50 0.839451 0.378472 0.040013 0.039187 
27 0.636574 0.308160 0.066138 0.026042 
27 0.458995 0.407862 0.062831 0.019593 
6 0.059689 0.372644 0.036706 0.040427 
6 0.265873 0.454985 0.035053 0.040427 
48 0.148479 0.709449 0.057540 0.045883 
12 0.337136 0.482267 0.045304 0.037946 
12 0.369378 0.657986 0.046958 0.049603 
11 0.310185 0.777282 0.057540 0.045635 
11 0.559193 0.787078 0.057540 0.044395 
1 0.560847 0.593874 0.046958 0.044395 
1 0.785384 0.638889 0.054233 0.045635 
50 0.881944 0.545635 0.041667 0.049603 
49 0.793981 0.708829 0.046958 0.047123 
49 0.881118 0.881696 0.047288 0.053571 
