45 0.410384 0.010541 0.052249 0.020585 
13 0.722718 0.046379 0.078373 0.037698 
6 0.613922 0.135665 0.045304 0.049603 
6 0.768022 0.325149 0.036706 0.049603 
12 0.827216 0.387153 0.075066 0.035218 
12 0.724537 0.597842 0.082011 0.041915 
1 0.981978 0.620040 0.036045 0.062500 
11 0.574901 0.703621 0.053902 0.062500 
11 0.829696 0.838046 0.055556 0.057540 
17 0.075231 0.558036 0.092262 0.035218 
25 0.145007 0.435268 0.053902 0.056052 
40 0.294643 0.287822 0.074735 0.050843 
40 0.316303 0.063988 0.073082 0.052083 
48 0.237103 0.374752 0.033069 0.060020 
48 0.448743 0.546999 0.038360 0.062748 
