13 0.118717 0.319816 0.060847 0.026042 
13 0.223214 0.161830 0.060847 0.026042 
45 0.324239 0.311384 0.067791 0.030010 
45 0.211144 0.475198 0.067791 0.028770 
43 0.289352 0.617436 0.068122 0.036458 
43 0.413690 0.452257 0.066138 0.030010 
51 0.497354 0.612227 0.069444 0.031498 
51 0.355489 0.781250 0.078042 0.027282 
25 0.571429 0.774802 0.071429 0.032738 
25 0.426918 0.956845 0.074735 0.028770 
46 0.759259 0.850446 0.068122 0.030258 
46 0.899471 0.676215 0.062831 0.031498 
16 0.677414 0.688616 0.067791 0.030010 
16 0.792328 0.514881 0.064153 0.024802 
4 0.583499 0.528770 0.071098 0.028770 
4 0.710483 0.369420 0.064484 0.028522 
29 0.513889 0.385789 0.060847 0.030010 
29 0.626157 0.223214 0.062500 0.028770 
53 0.418155 0.227803 0.057209 0.030010 
53 0.532903 0.072421 0.053902 0.027282 
