44 0.097057 0.013145 0.028108 0.025794 
44 0.178737 0.125992 0.020833 0.027282 
20 0.263228 0.100570 0.046958 0.013145 
20 0.166667 0.176215 0.044974 0.015625 
24 0.467758 0.099826 0.041997 0.019593 
24 0.358962 0.144841 0.040013 0.018353 
2 0.559193 0.122768 0.022487 0.010417 
2 0.502480 0.202257 0.034722 0.015625 
34 0.665344 0.146205 0.029762 0.015625 
34 0.754960 0.117560 0.031085 0.018353 
5 0.635747 0.268973 0.026124 0.023562 
5 0.736607 0.273438 0.029431 0.022073 
8 0.488591 0.268353 0.031415 0.024802 
8 0.606151 0.272817 0.033069 0.026290 
39 0.385913 0.235615 0.027778 0.022321 
39 0.380787 0.342758 0.031415 0.024802 
36 0.164021 0.218626 0.022487 0.032490 
36 0.237930 0.327753 0.020833 0.033978 
35 0.312004 0.382564 0.040013 0.015625 
35 0.193783 0.449033 0.046958 0.018105 
30 0.211144 0.483631 0.026124 0.024802 
30 0.357308 0.505952 0.029431 0.024802 
15 0.394676 0.421627 0.020833 0.026290 
15 0.479993 0.499256 0.020833 0.027282 
31 0.418320 0.345238 0.033069 0.022321 
31 0.540013 0.328373 0.033069 0.024802 
23 0.571263 0.418403 0.040013 0.016865 
23 0.626984 0.340030 0.036376 0.014385 
9 0.708829 0.383805 0.018849 0.028522 
9 0.770668 0.453621 0.017526 0.027282 
53 0.600860 0.404762 0.019180 0.020833 
53 0.628638 0.496032 0.019180 0.023313 
22 0.666171 0.556176 0.031415 0.015625 
22 0.745370 0.500000 0.033069 0.012897 
41 0.352844 0.579613 0.038360 0.018353 
41 0.233631 0.646205 0.040013 0.013145 
28 0.540840 0.519593 0.031415 0.020833 
28 0.516534 0.617436 0.035053 0.021081 
21 0.479828 0.644841 0.038360 0.012897 
21 0.420800 0.738219 0.034722 0.017113 
26 0.244874 0.789807 0.045304 0.023562 
26 0.375496 0.739459 0.041997 0.017113 
7 0.635747 0.631820 0.026124 0.021081 
7 0.629630 0.727183 0.027778 0.020833 
14 0.774140 0.611607 0.024471 0.022321 
14 0.759259 0.697669 0.022487 0.016865 
10 0.854993 0.650794 0.026124 0.006448 
10 0.787202 0.710069 0.029431 0.010417 
47 0.435516 0.776042 0.022487 0.024802 
47 0.549603 0.795635 0.024471 0.024802 
38 0.734127 0.783234 0.024471 0.012897 
38 0.645337 0.843254 0.031415 0.015873 
3 0.564319 0.926215 0.026124 0.022073 
3 0.667989 0.912450 0.027778 0.020833 
19 0.443452 0.900670 0.024471 0.023562 
19 0.493882 0.981027 0.028108 0.032490 
42 0.307705 0.879092 0.031415 0.019593 
42 0.306713 0.984995 0.040013 0.030010 
