13 0.882771 0.865451 0.067791 0.044395 
37 0.649636 0.685392 0.075066 0.033978 
37 0.415509 0.744792 0.062500 0.035218 
45 0.335483 0.532614 0.041997 0.041915 
21 0.234458 0.679439 0.052249 0.040427 
21 0.028274 0.639633 0.040013 0.041667 
36 0.253638 0.264385 0.038360 0.035218 
36 0.120536 0.208829 0.029431 0.031250 
34 0.530423 0.168403 0.024471 0.031250 
34 0.403274 0.099826 0.031415 0.027530 
6 0.653935 0.253968 0.048611 0.035218 
6 0.846396 0.287946 0.050595 0.035218 
42 0.774967 0.142361 0.053902 0.018353 
42 0.892526 0.065228 0.052249 0.018353 
