41 0.827877 0.551463 0.028108 0.037946 
41 0.950562 0.664435 0.022817 0.044147 
19 0.753968 0.685268 0.033069 0.039187 
19 0.618221 0.580233 0.026124 0.040427 
36 0.426753 0.589410 0.029431 0.040427 
36 0.550430 0.688616 0.026124 0.042907 
44 0.234292 0.598586 0.034722 0.037946 
44 0.354497 0.700273 0.024471 0.040427 
24 0.170966 0.703001 0.033069 0.040427 
24 0.054233 0.597222 0.029762 0.037698 
21 0.172454 0.455605 0.026124 0.039187 
21 0.048115 0.360863 0.017526 0.035218 
47 0.223876 0.351811 0.027778 0.040427 
47 0.337963 0.454241 0.022487 0.033978 
38 0.406581 0.360243 0.031415 0.033978 
38 0.529266 0.458829 0.026124 0.040675 
10 0.598049 0.355655 0.020833 0.035218 
10 0.730489 0.453001 0.027778 0.044395 
53 0.778274 0.352431 0.029431 0.036706 
53 0.919147 0.449033 0.026124 0.033978 
